u_p u_o u_r i_mA adc_uo adc_ur dac_val r
-0.003226 0.000000 0.003226 0.026882 0 1 0 120
0.000000 0.009677 0.009677 0.080645 3 3 1 120
-0.003226 0.016129 0.019355 0.161290 5 6 2 120
-0.003226 0.025806 0.029032 0.241935 8 9 3 120
-0.003226 0.035484 0.038710 0.322581 11 12 4 120
-0.003226 0.041935 0.045161 0.376344 13 14 5 120
-0.003226 0.048387 0.051613 0.430108 15 16 6 120
0.000000 0.058065 0.058065 0.483871 18 18 7 120
-0.003226 0.064516 0.067742 0.564516 20 21 8 120
0.000000 0.074194 0.074194 0.618280 23 23 9 120
-0.003226 0.080645 0.083871 0.698925 25 26 10 120
-0.003226 0.090323 0.093548 0.779570 28 29 11 120
0.000000 0.100000 0.100000 0.833333 31 31 12 120
-0.003226 0.106452 0.109677 0.913979 33 34 13 120
-0.003226 0.112903 0.116129 0.967742 35 36 14 120
0.000000 0.122581 0.122581 1.021505 38 38 15 120
0.000000 0.129032 0.129032 1.075269 40 40 16 120
0.000000 0.138710 0.138710 1.155914 43 43 17 120
-0.003226 0.145161 0.148387 1.236559 45 46 18 120
0.000000 0.154839 0.154839 1.290323 48 48 19 120
0.000000 0.164516 0.164516 1.370968 51 51 20 120
0.000000 0.170968 0.170968 1.424731 53 53 21 120
0.000000 0.177419 0.177419 1.478495 55 55 22 120
0.000000 0.187097 0.187097 1.559140 58 58 23 120
0.000000 0.193548 0.193548 1.612903 60 60 24 120
0.000000 0.203226 0.203226 1.693548 63 63 25 120
0.003226 0.212903 0.209677 1.747312 66 65 26 120
0.000000 0.219355 0.219355 1.827957 68 68 27 120
0.000000 0.229032 0.229032 1.908602 71 71 28 120
0.000000 0.235484 0.235484 1.962366 73 73 29 120
0.003226 0.245161 0.241935 2.016129 76 75 30 120
0.000000 0.251613 0.251613 2.096774 78 78 31 120
0.000000 0.258065 0.258065 2.150538 80 80 32 120
0.003226 0.267742 0.264516 2.204301 83 82 33 120
0.003226 0.277419 0.274194 2.284946 86 85 34 120
0.003226 0.283871 0.280645 2.338710 88 87 35 120
0.003226 0.293548 0.290323 2.419355 91 90 36 120
0.003226 0.300000 0.296774 2.473118 93 92 37 120
0.003226 0.309677 0.306452 2.553764 96 95 38 120
0.003226 0.316129 0.312903 2.607527 98 97 39 120
0.003226 0.322581 0.319355 2.661290 100 99 40 120
0.003226 0.332258 0.329032 2.741936 103 102 41 120
0.006452 0.341935 0.335484 2.795699 106 104 42 120
0.003226 0.348387 0.345161 2.876344 108 107 43 120
0.003226 0.358065 0.354839 2.956989 111 110 44 120
0.003226 0.364516 0.361290 3.010753 113 112 45 120
0.006452 0.374194 0.367742 3.064516 116 114 46 120
0.006452 0.380645 0.374194 3.118280 118 116 47 120
0.003226 0.387097 0.383871 3.198925 120 119 48 120
0.006452 0.396774 0.390323 3.252688 123 121 49 120
0.006452 0.406452 0.400000 3.333333 126 124 50 120
0.003226 0.412903 0.409677 3.413979 128 127 51 120
0.006452 0.422581 0.416129 3.467742 131 129 52 120
0.003226 0.429032 0.425806 3.548387 133 132 53 120
0.006452 0.438710 0.432258 3.602151 136 134 54 120
0.006452 0.445161 0.438710 3.655914 138 136 55 120
0.003226 0.451613 0.448387 3.736559 140 139 56 120
0.006452 0.461290 0.454839 3.790323 143 141 57 120
0.006452 0.470968 0.464516 3.870968 146 144 58 120
0.006452 0.477419 0.470968 3.924731 148 146 59 120
0.006452 0.487097 0.480645 4.005376 151 149 60 120
0.006452 0.493548 0.487097 4.059140 153 151 61 120
0.000000 0.503226 0.503226 4.193549 156 156 62 120
-0.003226 0.509677 0.512903 4.274194 158 159 63 120
0.000000 0.519355 0.519355 4.327957 161 161 64 120
-0.003226 0.525806 0.529032 4.408602 163 164 65 120
-0.003226 0.535484 0.538710 4.489248 166 167 66 120
0.000000 0.545161 0.545161 4.543011 169 169 67 120
-0.003226 0.551613 0.554839 4.623656 171 172 68 120
0.000000 0.561290 0.561290 4.677420 174 174 69 120
-0.003226 0.567742 0.570968 4.758065 176 177 70 120
-0.003226 0.574194 0.577419 4.811828 178 179 71 120
-0.003226 0.580645 0.583871 4.865592 180 181 72 120
-0.003226 0.590323 0.593548 4.946237 183 184 73 120
0.000000 0.600000 0.600000 5.000000 186 186 74 120
-0.003226 0.606452 0.609677 5.080646 188 189 75 120
-0.003226 0.616129 0.619355 5.161291 191 192 76 120
-0.003226 0.622581 0.625806 5.215054 193 194 77 120
0.000000 0.632258 0.632258 5.268817 196 196 78 120
-0.003226 0.638710 0.641935 5.349463 198 199 79 120
-0.003226 0.645161 0.648387 5.403226 200 201 80 120
-0.003226 0.654839 0.658065 5.483871 203 204 81 120
0.000000 0.664516 0.664516 5.537635 206 206 82 120
-0.003226 0.670968 0.674194 5.618280 208 209 83 120
-0.003226 0.680645 0.683871 5.698925 211 212 84 120
-0.003226 0.687097 0.690323 5.752688 213 214 85 120
0.000000 0.696774 0.696774 5.806452 216 216 86 120
-0.003226 0.703226 0.706452 5.887097 218 219 87 120
-0.003226 0.709677 0.712903 5.940860 220 221 88 120
-0.003226 0.719355 0.722581 6.021506 223 224 89 120
0.000000 0.729032 0.729032 6.075269 226 226 90 120
0.000000 0.735484 0.735484 6.129033 228 228 91 120
0.000000 0.745161 0.745161 6.209678 231 231 92 120
-0.003226 0.751613 0.754839 6.290323 233 234 93 120
0.000000 0.761290 0.761290 6.344086 236 236 94 120
-0.003226 0.767742 0.770968 6.424731 238 239 95 120
-0.003226 0.774194 0.777419 6.478495 240 241 96 120
-0.003226 0.783871 0.787097 6.559140 243 244 97 120
0.000000 0.793548 0.793548 6.612904 246 246 98 120
-0.003226 0.800000 0.803226 6.693549 248 249 99 120
-0.003226 0.809677 0.812903 6.774194 251 252 100 120
-0.003226 0.816129 0.819355 6.827957 253 254 101 120
0.000000 0.825806 0.825806 6.881721 256 256 102 120
0.000000 0.832258 0.832258 6.935484 258 258 103 120
-0.003226 0.838710 0.841935 7.016129 260 261 104 120
-0.003226 0.848387 0.851613 7.096775 263 264 105 120
0.000000 0.858065 0.858065 7.150538 266 266 106 120
-0.003226 0.864516 0.867742 7.231183 268 269 107 120
-0.003226 0.874194 0.877419 7.311828 271 272 108 120
-0.003226 0.880645 0.883871 7.365592 273 274 109 120
0.000000 0.890323 0.890323 7.419355 276 276 110 120
-0.003226 0.896774 0.900000 7.500000 278 279 111 120
-0.003226 0.903226 0.906452 7.553764 280 281 112 120
-0.003226 0.912903 0.916129 7.634409 283 284 113 120
-0.003226 0.922581 0.925806 7.715054 286 287 114 120
-0.003226 0.929032 0.932258 7.768817 288 289 115 120
0.000000 0.938710 0.938710 7.822581 291 291 116 120
-0.003226 0.945161 0.948387 7.903226 293 294 117 120
0.000000 0.954839 0.954839 7.956989 296 296 118 120
0.000000 0.961290 0.961290 8.010753 298 298 119 120
-0.003226 0.967742 0.970968 8.091398 300 301 120 120
0.000000 0.977419 0.977419 8.145162 303 303 121 120
-0.003226 0.983871 0.987097 8.225807 305 306 122 120
-0.003226 0.993548 0.996774 8.306452 308 309 123 120
0.000000 1.003226 1.003226 8.360215 311 311 124 120
-0.003226 1.009677 1.012903 8.440861 313 314 125 120
-0.003226 1.016129 1.019355 8.494624 315 316 126 120
0.000000 1.025806 1.025806 8.548388 318 318 127 120
-0.003226 1.032258 1.035484 8.629032 320 321 128 120
0.000000 1.041935 1.041935 8.682796 323 323 129 120
0.000000 1.051613 1.051613 8.763441 326 326 130 120
0.000000 1.058064 1.058064 8.817204 328 328 131 120
0.000000 1.067742 1.067742 8.897850 331 331 132 120
-0.003226 1.074194 1.077419 8.978496 333 334 133 120
0.000000 1.083871 1.083871 9.032259 336 336 134 120
0.000000 1.090323 1.090323 9.086022 338 338 135 120
-0.003226 1.096774 1.100000 9.166667 340 341 136 120
0.000000 1.106452 1.106452 9.220430 343 343 137 120
0.000000 1.116129 1.116129 9.301076 346 346 138 120
-0.003226 1.122581 1.125806 9.381721 348 349 139 120
-0.003226 1.132258 1.135484 9.462366 351 352 140 120
-0.003226 1.138710 1.141935 9.516129 353 354 141 120
0.000000 1.148387 1.148387 9.569893 356 356 142 120
-0.003226 1.154839 1.158064 9.650537 358 359 143 120
-0.003226 1.161290 1.164516 9.704301 360 361 144 120
-0.003226 1.170968 1.174194 9.784946 363 364 145 120
0.000000 1.180645 1.180645 9.838710 366 366 146 120
-0.003226 1.187097 1.190323 9.919355 368 369 147 120
-0.003226 1.196774 1.200000 10.000001 371 372 148 120
0.000000 1.206452 1.206452 10.053764 374 374 149 120
-0.003226 1.212903 1.216129 10.134409 376 377 150 120
-0.003226 1.219355 1.222581 10.188172 378 379 151 120
0.000000 1.229032 1.229032 10.241936 381 381 152 120
-0.003226 1.235484 1.238710 10.322581 383 384 153 120
0.000000 1.245161 1.245161 10.376345 386 386 154 120
-0.003226 1.251613 1.254839 10.456989 388 389 155 120
-0.003226 1.261290 1.264516 10.537635 391 392 156 120
0.000000 1.270968 1.270968 10.591398 394 394 157 120
0.000000 1.277419 1.277419 10.645162 396 396 158 120
-0.003226 1.283871 1.287097 10.725806 398 399 159 120
0.000000 1.293548 1.293548 10.779570 401 401 160 120
0.000000 1.300000 1.300000 10.833333 403 403 161 120
0.000000 1.309677 1.309677 10.913979 406 406 162 120
0.003226 1.319355 1.316129 10.967743 409 408 163 120
0.000000 1.325806 1.325806 11.048388 411 411 164 120
0.003226 1.335484 1.332258 11.102151 414 413 165 120
0.000000 1.341936 1.341936 11.182796 416 416 166 120
0.003226 1.351613 1.348387 11.236560 419 418 167 120
0.003226 1.358065 1.354839 11.290323 421 420 168 120
0.006452 1.367742 1.361290 11.344087 424 422 169 120
0.003226 1.374194 1.370968 11.424731 426 425 170 120
0.006452 1.383871 1.377419 11.478495 429 427 171 120
0.006452 1.393548 1.387097 11.559140 432 430 172 120
0.009677 1.400000 1.390323 11.586021 434 431 173 120
0.012903 1.409677 1.396774 11.639785 437 433 174 120
0.012903 1.416129 1.403226 11.693548 439 435 175 120
0.012903 1.422581 1.409677 11.747312 441 437 176 120
0.016129 1.432258 1.416129 11.801075 444 439 177 120
0.016129 1.438710 1.422581 11.854838 446 441 178 120
0.019355 1.448387 1.429032 11.908602 449 443 179 120
0.025807 1.458065 1.432258 11.935484 452 444 180 120
0.025806 1.464516 1.438710 11.989248 454 446 181 120
0.029032 1.470968 1.441936 12.016129 456 447 182 120
0.032258 1.480645 1.448387 12.069893 459 449 183 120
0.035484 1.487097 1.451613 12.096775 461 450 184 120
0.038710 1.496774 1.458065 12.150538 464 452 185 120
0.041935 1.503226 1.461290 12.177420 466 453 186 120
0.048387 1.512903 1.464516 12.204302 469 454 187 120
0.054839 1.522581 1.467742 12.231183 472 455 188 120
0.058064 1.529032 1.470968 12.258065 474 456 189 120
0.061290 1.535484 1.474194 12.284946 476 457 190 120
0.067742 1.545161 1.477419 12.311829 479 458 191 120
0.070968 1.551613 1.480645 12.338710 481 459 192 120
0.077419 1.561290 1.483871 12.365592 484 460 193 120
0.080645 1.567742 1.487097 12.392473 486 461 194 120
0.087097 1.577419 1.490323 12.419355 489 462 195 120
0.093548 1.587097 1.493548 12.446237 492 463 196 120
0.100000 1.593548 1.493548 12.446237 494 463 197 120
0.106452 1.603226 1.496774 12.473119 497 464 198 120
0.109677 1.609677 1.500000 12.500000 499 465 199 120
0.116129 1.616129 1.500000 12.500000 501 465 200 120
0.122581 1.625806 1.503226 12.526882 504 466 201 120
0.125806 1.632258 1.506452 12.553763 506 467 202 120
0.135484 1.641935 1.506452 12.553763 509 467 203 120
0.141935 1.651613 1.509677 12.580646 512 468 204 120
0.145161 1.658064 1.512903 12.607527 514 469 205 120
0.151613 1.664516 1.512903 12.607527 516 469 206 120
0.158064 1.674194 1.516129 12.634409 519 470 207 120
0.164516 1.680645 1.516129 12.634409 521 470 208 120
0.174194 1.690323 1.516129 12.634409 524 470 209 120
0.177419 1.696774 1.519355 12.661290 526 471 210 120
0.187097 1.706452 1.519355 12.661290 529 471 211 120
0.193548 1.716129 1.522581 12.688172 532 472 212 120
0.200000 1.722581 1.522581 12.688172 534 472 213 120
0.206452 1.732258 1.525806 12.715054 537 473 214 120
0.212903 1.738710 1.525806 12.715054 539 473 215 120
0.216129 1.745161 1.529032 12.741936 541 474 216 120
0.225806 1.754839 1.529032 12.741936 544 474 217 120
0.232258 1.761290 1.529032 12.741936 546 474 218 120
0.238710 1.770968 1.532258 12.768817 549 475 219 120
0.248387 1.780645 1.532258 12.768817 552 475 220 120
0.254839 1.787097 1.532258 12.768817 554 475 221 120
0.258065 1.793548 1.535484 12.795699 556 476 222 120
0.267742 1.803226 1.535484 12.795699 559 476 223 120
0.274194 1.809677 1.535484 12.795699 561 476 224 120
0.280645 1.819355 1.538710 12.822580 564 477 225 120
0.290323 1.829032 1.538710 12.822580 567 477 226 120
0.293548 1.835484 1.541935 12.849463 569 478 227 120
0.303226 1.845161 1.541935 12.849463 572 478 228 120
0.309677 1.851613 1.541935 12.849463 574 478 229 120
0.319355 1.861290 1.541935 12.849463 577 478 230 120
0.322581 1.867742 1.545161 12.876344 579 479 231 120
0.329032 1.874194 1.545161 12.876344 581 479 232 120
0.338710 1.883871 1.545161 12.876344 584 479 233 120
0.345161 1.893548 1.548387 12.903226 587 480 234 120
0.354839 1.903226 1.548387 12.903226 590 480 235 120
0.361290 1.909677 1.548387 12.903226 592 480 236 120
0.370968 1.919355 1.548387 12.903226 595 480 237 120
0.377419 1.925806 1.548387 12.903226 597 480 238 120
0.380645 1.932258 1.551613 12.930107 599 481 239 120
0.390323 1.941936 1.551613 12.930107 602 481 240 120
0.396774 1.948387 1.551613 12.930107 604 481 241 120
0.406452 1.958065 1.551613 12.930107 607 481 242 120
0.412903 1.967742 1.554839 12.956989 610 482 243 120
0.419355 1.974194 1.554839 12.956989 612 482 244 120
0.429032 1.983871 1.554839 12.956989 615 482 245 120
0.435484 1.990323 1.554839 12.956989 617 482 246 120
0.441936 2.000000 1.558064 12.983871 620 483 247 120
0.448387 2.006452 1.558064 12.983871 622 483 248 120
0.454839 2.012903 1.558064 12.983871 624 483 249 120
0.464516 2.022581 1.558064 12.983871 627 483 250 120
0.474194 2.032258 1.558064 12.983871 630 483 251 120
0.480645 2.038710 1.558064 12.983871 632 483 252 120
0.487097 2.048387 1.561290 13.010753 635 484 253 120
0.493548 2.054839 1.561290 13.010753 637 484 254 120
0.503226 2.064516 1.561290 13.010753 640 484 255 120
