u_p u_o u_r i_mA adc_uo adc_ur dac_val r
0.000000 0.000000 0.000000 0.000000 0 0 0 120
0.000000 0.009677 0.009677 0.080645 3 3 1 120
0.000000 0.016129 0.016129 0.134409 5 5 2 120
0.000000 0.025806 0.025806 0.215054 8 8 3 120
0.000000 0.035484 0.035484 0.295699 11 11 4 120
0.000000 0.041935 0.041935 0.349462 13 13 5 120
0.000000 0.048387 0.048387 0.403226 15 15 6 120
0.000000 0.058065 0.058065 0.483871 18 18 7 120
0.000000 0.064516 0.064516 0.537634 20 20 8 120
0.000000 0.074194 0.074194 0.618280 23 23 9 120
0.000000 0.080645 0.080645 0.672043 25 25 10 120
0.000000 0.090323 0.090323 0.752688 28 28 11 120
0.000000 0.100000 0.100000 0.833333 31 31 12 120
0.000000 0.106452 0.106452 0.887097 33 33 13 120
0.000000 0.112903 0.112903 0.940860 35 35 14 120
0.000000 0.122581 0.122581 1.021505 38 38 15 120
0.000000 0.129032 0.129032 1.075269 40 40 16 120
0.000000 0.138710 0.138710 1.155914 43 43 17 120
0.000000 0.145161 0.145161 1.209677 45 45 18 120
0.000000 0.154839 0.154839 1.290323 48 48 19 120
0.000000 0.164516 0.164516 1.370968 51 51 20 120
0.000000 0.170968 0.170968 1.424731 53 53 21 120
0.000000 0.177419 0.177419 1.478495 55 55 22 120
0.000000 0.187097 0.187097 1.559140 58 58 23 120
0.000000 0.193548 0.193548 1.612903 60 60 24 120
0.000000 0.203226 0.203226 1.693548 63 63 25 120
-0.003226 0.209677 0.212903 1.774194 65 66 26 120
0.000000 0.219355 0.219355 1.827957 68 68 27 120
0.000000 0.229032 0.229032 1.908602 71 71 28 120
0.000000 0.235484 0.235484 1.962366 73 73 29 120
0.000000 0.245161 0.245161 2.043011 76 76 30 120
0.000000 0.251613 0.251613 2.096774 78 78 31 120
0.000000 0.258065 0.258065 2.150538 80 80 32 120
0.000000 0.267742 0.267742 2.231183 83 83 33 120
0.000000 0.277419 0.277419 2.311828 86 86 34 120
0.000000 0.283871 0.283871 2.365592 88 88 35 120
0.000000 0.293548 0.293548 2.446237 91 91 36 120
0.000000 0.300000 0.300000 2.500000 93 93 37 120
-0.003226 0.306452 0.309677 2.580645 95 96 38 120
0.000000 0.316129 0.316129 2.634409 98 98 39 120
0.000000 0.322581 0.322581 2.688172 100 100 40 120
0.000000 0.332258 0.332258 2.768817 103 103 41 120
0.000000 0.341935 0.341935 2.849463 106 106 42 120
0.000000 0.348387 0.348387 2.903226 108 108 43 120
0.000000 0.358065 0.358065 2.983871 111 111 44 120
0.000000 0.364516 0.364516 3.037635 113 113 45 120
0.000000 0.374194 0.374194 3.118280 116 116 46 120
0.000000 0.380645 0.380645 3.172043 118 118 47 120
0.000000 0.387097 0.387097 3.225806 120 120 48 120
0.000000 0.396774 0.396774 3.306452 123 123 49 120
0.000000 0.406452 0.406452 3.387097 126 126 50 120
0.000000 0.412903 0.412903 3.440860 128 128 51 120
0.000000 0.422581 0.422581 3.521506 131 131 52 120
0.000000 0.429032 0.429032 3.575269 133 133 53 120
0.000000 0.438710 0.438710 3.655914 136 136 54 120
0.000000 0.445161 0.445161 3.709677 138 138 55 120
0.000000 0.451613 0.451613 3.763441 140 140 56 120
0.000000 0.461290 0.461290 3.844086 143 143 57 120
0.000000 0.470968 0.470968 3.924731 146 146 58 120
0.000000 0.477419 0.477419 3.978495 148 148 59 120
0.000000 0.487097 0.487097 4.059140 151 151 60 120
-0.003226 0.493548 0.496774 4.139785 153 154 61 120
0.000000 0.503226 0.503226 4.193549 156 156 62 120
0.000000 0.509677 0.509677 4.247312 158 158 63 120
-0.003226 0.516129 0.519355 4.327957 160 161 64 120
0.000000 0.525806 0.525806 4.381721 163 163 65 120
0.000000 0.535484 0.535484 4.462366 166 166 66 120
0.003226 0.545161 0.541936 4.516129 169 168 67 120
0.000000 0.551613 0.551613 4.596775 171 171 68 120
0.000000 0.558065 0.558065 4.650538 173 173 69 120
0.000000 0.567742 0.567742 4.731183 176 176 70 120
0.000000 0.574194 0.574194 4.784946 178 178 71 120
0.000000 0.580645 0.580645 4.838710 180 180 72 120
0.000000 0.590323 0.590323 4.919355 183 183 73 120
0.000000 0.600000 0.600000 5.000000 186 186 74 120
0.000000 0.606452 0.606452 5.053764 188 188 75 120
0.000000 0.616129 0.616129 5.134409 191 191 76 120
0.003226 0.625806 0.622581 5.188172 194 193 77 120
0.000000 0.632258 0.632258 5.268817 196 196 78 120
0.000000 0.638710 0.638710 5.322581 198 198 79 120
-0.003226 0.645161 0.648387 5.403226 200 201 80 120
0.000000 0.654839 0.654839 5.456989 203 203 81 120
0.000000 0.664516 0.664516 5.537635 206 206 82 120
0.000000 0.670968 0.670968 5.591398 208 208 83 120
0.000000 0.680645 0.680645 5.672043 211 211 84 120
0.000000 0.687097 0.687097 5.725807 213 213 85 120
0.000000 0.696774 0.696774 5.806452 216 216 86 120
0.000000 0.703226 0.703226 5.860215 218 218 87 120
0.000000 0.709677 0.709677 5.913979 220 220 88 120
0.000000 0.719355 0.719355 5.994624 223 223 89 120
0.000000 0.729032 0.729032 6.075269 226 226 90 120
0.000000 0.735484 0.735484 6.129033 228 228 91 120
0.000000 0.745161 0.745161 6.209678 231 231 92 120
0.000000 0.754839 0.754839 6.290323 234 234 93 120
0.000000 0.761290 0.761290 6.344086 236 236 94 120
0.000000 0.767742 0.767742 6.397850 238 238 95 120
0.003226 0.777419 0.774194 6.451613 241 240 96 120
0.000000 0.783871 0.783871 6.532259 243 243 97 120
0.000000 0.793548 0.793548 6.612904 246 246 98 120
0.000000 0.800000 0.800000 6.666667 248 248 99 120
0.000000 0.809677 0.809677 6.747312 251 251 100 120
0.000000 0.819355 0.819355 6.827957 254 254 101 120
0.000000 0.825806 0.825806 6.881721 256 256 102 120
0.000000 0.832258 0.832258 6.935484 258 258 103 120
0.000000 0.838710 0.838710 6.989247 260 260 104 120
0.000000 0.848387 0.848387 7.069893 263 263 105 120
0.000000 0.858065 0.858065 7.150538 266 266 106 120
-0.003226 0.864516 0.867742 7.231183 268 269 107 120
0.000000 0.874194 0.874194 7.284946 271 271 108 120
0.000000 0.880645 0.880645 7.338710 273 273 109 120
0.000000 0.890323 0.890323 7.419355 276 276 110 120
0.000000 0.896774 0.896774 7.473118 278 278 111 120
-0.003226 0.903226 0.906452 7.553764 280 281 112 120
0.000000 0.912903 0.912903 7.607527 283 283 113 120
0.000000 0.922581 0.922581 7.688172 286 286 114 120
0.003226 0.932258 0.929032 7.741936 289 288 115 120
0.000000 0.938710 0.938710 7.822581 291 291 116 120
0.000000 0.945161 0.945161 7.876344 293 293 117 120
0.000000 0.954839 0.954839 7.956989 296 296 118 120
0.000000 0.961290 0.961290 8.010753 298 298 119 120
0.000000 0.967742 0.967742 8.064516 300 300 120 120
0.000000 0.977419 0.977419 8.145162 303 303 121 120
0.003226 0.987097 0.983871 8.198925 306 305 122 120
0.000000 0.993548 0.993548 8.279571 308 308 123 120
0.000000 1.003226 1.003226 8.360215 311 311 124 120
0.000000 1.009677 1.009677 8.413979 313 313 125 120
0.000000 1.016129 1.016129 8.467742 315 315 126 120
0.000000 1.025806 1.025806 8.548388 318 318 127 120
0.000000 1.032258 1.032258 8.602151 320 320 128 120
0.000000 1.041935 1.041935 8.682796 323 323 129 120
0.000000 1.051613 1.051613 8.763441 326 326 130 120
0.000000 1.058064 1.058064 8.817204 328 328 131 120
0.000000 1.067742 1.067742 8.897850 331 331 132 120
0.000000 1.074194 1.074194 8.951613 333 333 133 120
0.000000 1.083871 1.083871 9.032259 336 336 134 120
0.000000 1.090323 1.090323 9.086022 338 338 135 120
0.000000 1.096774 1.096774 9.139786 340 340 136 120
0.000000 1.106452 1.106452 9.220430 343 343 137 120
0.000000 1.116129 1.116129 9.301076 346 346 138 120
0.000000 1.122581 1.122581 9.354839 348 348 139 120
0.000000 1.132258 1.132258 9.435484 351 351 140 120
0.000000 1.138710 1.138710 9.489247 353 353 141 120
0.003226 1.148387 1.145161 9.543011 356 355 142 120
0.000000 1.154839 1.154839 9.623656 358 358 143 120
-0.003226 1.161290 1.164516 9.704301 360 361 144 120
0.000000 1.170968 1.170968 9.758064 363 363 145 120
0.000000 1.180645 1.180645 9.838710 366 366 146 120
0.000000 1.190323 1.190323 9.919355 369 369 147 120
0.000000 1.196774 1.196774 9.973119 371 371 148 120
0.000000 1.206452 1.206452 10.053764 374 374 149 120
0.000000 1.212903 1.212903 10.107528 376 376 150 120
0.000000 1.219355 1.219355 10.161291 378 378 151 120
0.000000 1.225806 1.225806 10.215055 380 380 152 120
0.000000 1.235484 1.235484 10.295699 383 383 153 120
0.000000 1.245161 1.245161 10.376345 386 386 154 120
0.000000 1.254839 1.254839 10.456989 389 389 155 120
0.000000 1.261290 1.261290 10.510753 391 391 156 120
0.000000 1.270968 1.270968 10.591398 394 394 157 120
0.000000 1.277419 1.277419 10.645162 396 396 158 120
0.000000 1.283871 1.283871 10.698925 398 398 159 120
0.000000 1.293548 1.293548 10.779570 401 401 160 120
0.000000 1.303226 1.303226 10.860215 404 404 161 120
0.000000 1.309677 1.309677 10.913979 406 406 162 120
0.000000 1.319355 1.319355 10.994624 409 409 163 120
-0.003226 1.325806 1.329032 11.075270 411 412 164 120
0.000000 1.335484 1.335484 11.129033 414 414 165 120
0.000000 1.341936 1.341936 11.182796 416 416 166 120
-0.003226 1.348387 1.351613 11.263441 418 419 167 120
0.000000 1.358065 1.358065 11.317204 421 421 168 120
0.000000 1.367742 1.367742 11.397850 424 424 169 120
0.000000 1.374194 1.374194 11.451613 426 426 170 120
0.000000 1.383871 1.383871 11.532258 429 429 171 120
0.000000 1.393548 1.393548 11.612904 432 432 172 120
0.000000 1.400000 1.400000 11.666667 434 434 173 120
0.000000 1.406452 1.406452 11.720430 436 436 174 120
0.000000 1.416129 1.416129 11.801075 439 439 175 120
0.000000 1.422581 1.422581 11.854838 441 441 176 120
0.000000 1.432258 1.432258 11.935484 444 444 177 120
0.003226 1.441936 1.438710 11.989248 447 446 178 120
0.000000 1.448387 1.448387 12.069893 449 449 179 120
0.000000 1.458065 1.458065 12.150538 452 452 180 120
0.000000 1.464516 1.464516 12.204302 454 454 181 120
0.000000 1.470968 1.470968 12.258065 456 456 182 120
0.000000 1.480645 1.480645 12.338710 459 459 183 120
0.000000 1.487097 1.487097 12.392473 461 461 184 120
0.000000 1.496774 1.496774 12.473119 464 464 185 120
0.000000 1.503226 1.503226 12.526882 466 466 186 120
0.000000 1.512903 1.512903 12.607527 469 469 187 120
-0.003226 1.519355 1.522581 12.688172 471 472 188 120
0.000000 1.529032 1.529032 12.741936 474 474 189 120
0.003226 1.538710 1.535484 12.795699 477 476 190 120
0.000000 1.545161 1.545161 12.876344 479 479 191 120
0.000000 1.551613 1.551613 12.930107 481 481 192 120
0.000000 1.561290 1.561290 13.010753 484 484 193 120
0.003226 1.570968 1.567742 13.064517 487 486 194 120
0.000000 1.577419 1.577419 13.145162 489 489 195 120
0.000000 1.587097 1.587097 13.225807 492 492 196 120
0.000000 1.593548 1.593548 13.279571 494 494 197 120
0.000000 1.600000 1.600000 13.333334 496 496 198 120
0.000000 1.609677 1.609677 13.413979 499 499 199 120
0.000000 1.616129 1.616129 13.467742 501 501 200 120
0.003226 1.625806 1.622581 13.521505 504 503 201 120
0.000000 1.632258 1.632258 13.602151 506 506 202 120
0.000000 1.641935 1.641935 13.682796 509 509 203 120
0.003226 1.651613 1.648387 13.736559 512 511 204 120
0.000000 1.658064 1.658064 13.817204 514 514 205 120
0.000000 1.664516 1.664516 13.870968 516 516 206 120
0.003226 1.674194 1.670968 13.924731 519 518 207 120
0.003226 1.680645 1.677419 13.978495 521 520 208 120
0.003226 1.690323 1.687097 14.059139 524 523 209 120
0.003226 1.696774 1.693548 14.112904 526 525 210 120
0.003226 1.706452 1.703226 14.193549 529 528 211 120
0.003226 1.716129 1.712903 14.274194 532 531 212 120
0.006452 1.722581 1.716129 14.301076 534 532 213 120
0.003226 1.729032 1.725806 14.381721 536 535 214 120
0.006452 1.738710 1.732258 14.435484 539 537 215 120
0.006452 1.745161 1.738710 14.489247 541 539 216 120
0.009677 1.754839 1.745161 14.543011 544 541 217 120
0.012903 1.764516 1.751613 14.596774 547 543 218 120
0.009677 1.770968 1.761290 14.677420 549 546 219 120
0.012903 1.780645 1.767742 14.731183 552 548 220 120
0.016129 1.790323 1.774194 14.784946 555 550 221 120
0.016129 1.796774 1.780645 14.838710 557 552 222 120
0.019355 1.803226 1.783871 14.865591 559 553 223 120
0.022581 1.812903 1.790323 14.919354 562 555 224 120
0.022581 1.819355 1.796774 14.973118 564 557 225 120
0.025807 1.829032 1.803226 15.026881 567 559 226 120
0.029032 1.838710 1.809677 15.080645 570 561 227 120
0.029032 1.845161 1.816129 15.134409 572 563 228 120
0.035484 1.854839 1.819355 15.161291 575 564 229 120
0.035484 1.861290 1.825806 15.215055 577 566 230 120
0.038710 1.867742 1.829032 15.241936 579 567 231 120
0.041935 1.874194 1.832258 15.268818 581 568 232 120
0.045161 1.883871 1.838710 15.322581 584 570 233 120
0.051613 1.893548 1.841936 15.349463 587 571 234 120
0.058064 1.903226 1.845161 15.376345 590 572 235 120
0.061290 1.912903 1.851613 15.430108 593 574 236 120
0.064516 1.919355 1.854839 15.456989 595 575 237 120
0.067742 1.925806 1.858065 15.483871 597 576 238 120
0.070968 1.932258 1.861290 15.510753 599 577 239 120
0.077419 1.941936 1.864516 15.537635 602 578 240 120
0.080645 1.948387 1.867742 15.564516 604 579 241 120
0.087097 1.958065 1.870968 15.591398 607 580 242 120
0.093548 1.967742 1.874194 15.618279 610 581 243 120
0.093548 1.974194 1.880645 15.672043 612 583 244 120
0.103226 1.983871 1.880645 15.672043 615 583 245 120
0.106452 1.990323 1.883871 15.698925 617 584 246 120
0.109677 1.996774 1.887097 15.725806 619 585 247 120
0.112903 2.003226 1.890323 15.752688 621 586 248 120
0.119355 2.012903 1.893548 15.779570 624 587 249 120
0.125806 2.022581 1.896774 15.806452 627 588 250 120
0.132258 2.032258 1.900000 15.833333 630 589 251 120
0.141935 2.041935 1.900000 15.833333 633 589 252 120
0.145161 2.048387 1.903226 15.860215 635 590 253 120
0.148387 2.054839 1.906452 15.887096 637 591 254 120
0.154839 2.061290 1.906452 15.887096 639 591 255 120
